倾角: 0
H_t:
2.63
3.09
3.53
4.28
4.84
4.58
5.17
4.78
4.07
3.36
2.79
2.58
g:
0.3823040155488778
0.45000050563511884
0.5104166223761828
0.6116298492020362
0.6829667278104228
0.6337085761115764
0.7088190980164705
0.6532628070778758
0.5597321507439601
0.46782485232473386
0.393919434172588
0.3712348238354104
倾角: 1
H_t:
2.6829381386918474
3.1306504491019167
3.5552254412250184
4.292014536037433
4.839084954011212
4.573193690130459
5.1646069735203755
4.787100792913695
4.092855518128516
3.3978497107885604
2.841383480409221
2.6390326692363
g:
0.3902710849515254
0.456152940433038
0.514217862585058
0.613425833237165
0.6828314448701824
0.6327240021647762
0.7080450287142949
0.6542774699933576
0.5630106476481178
0.4733029387112288
0.4014337885553108
0.3800230050784959
倾角: 2
H_t:
2.735264000938864
3.170616548396811
3.579700619782589
4.303149508291001
4.837271836885286
4.565627281711396
5.15828468267305
4.793234980147099
4.114822750553992
3.4349533302446598
2.8921181534405376
2.6974518376787584
g:
0.39815533342116793
0.4622068743025379
0.517907793199431
0.6150906484344449
0.6825633937387932
0.6316295887326941
0.7071376457432789
0.6551540880689342
0.5661628479509582
0.47867680859951867
0.4088612851195195
0.3887313129009805
倾角: 3
H_t:
2.7869616477756387
3.2098861238230065
3.6034180802958176
4.313400529321221
4.834556733094924
4.557297014615569
5.151028559193362
4.798398206374552
4.135894946007841
3.4712995562457616
2.942188564820217
2.7552397102817716
g:
0.4059539638531423
0.46816017396010373
0.5214851249026121
0.6166235669789883
0.6821620057308209
0.6304248282236375
0.7060963246328287
0.6558920047461572
0.569187644626818
0.4839445765182183
0.41619929328431177
0.3973566388317748
倾角: 4
H_t:
2.838015331597272
3.2484472134867572
3.626370598196077
4.32276354907137
4.830936316192313
4.5481997983078
5.142834781839035
4.802586583902642
4.156065629920955
3.5068773173787218
2.991579462615071
2.8123786842985714
g:
0.41366420582351554
0.4740107398913066
0.5249486072705651
0.6180239169902583
0.6816268044012768
0.6291093138920941
0.7049205530265172
0.6564906355946163
0.5720839755846264
0.48910439337121975
0.42344521142957814
0.40589589963559675
倾角: 5
H_t:
2.8884095009562487
3.2862880713059575
3.648551181923686
4.331234851179686
4.826407826038825
4.538333178408147
5.133700241829884
4.8057966812287205
4.175328606106202
3.5416757763122533
3.0402758018783413
2.868851354643197
g:
0.4212833168452618
0.47975650723886687
0.5282970292637879
0.619291082048991
0.6809574022395121
0.627682735027023
0.7036099257779398
0.6569494667422813
0.5748508240102123
0.494154447183455
0.4305964680482395
0.41434603874995446
倾角: 6
H_t:
2.938128805299559
3.323397170588108
3.6699530750575997
4.338811049658982
4.820969048231253
4.527695306620828
5.123622511701209
4.808025512682847
4.193677958383391
3.575684333098081
3.0882627492325434
2.924640519192253
g:
0.4288085836062213
0.48539544667235196
0.5315292197021855
0.6204245007716767
0.6801534976776435
0.6261448726181937
0.7021641405270067
0.6572680534528387
0.5774872186943965
0.49909296382777907
0.4376505228790672
0.42270402770218307
倾角: 7
H_t:
2.9871580996446245
3.359763207541462
3.6905697583734858
4.345489085895428
4.814618295467302
4.516284913621959
5.112599817166012
4.809270529025233
4.211108052143429
3.6088926283997917
3.135525687387848
2.9797291840248405
g:
0.43623732318820413
0.49092556523923037
0.5346440477228829
0.621423666425723
0.6792148723761021
0.6244955954421251
0.7005829936991234
0.6574460188323131
0.5799922343465821
0.5039182077328435
0.4446048680195894
0.4309668675057402
倾角: 8
H_t:
3.035482449192609
3.395375104718268
3.7103949518295454
4.3512662259240935
4.807354390626656
4.504101284555158
5.100631011635292
4.809529608887268
4.227613535848686
3.6412905466483827
3.1820502195946547
3.0341005685990723
g:
0.44356688426664664
0.4963449071970177
0.5376404232209201
0.6222881265792628
0.6781413887537745
0.6227348565172006
0.6988663768773906
0.6574830526494689
0.5823649918935826
0.5086284825718529
0.45145702901862345
0.4391315900350169
倾角: 9
H_t:
3.0830871338777017
3.430222014389068
3.729422616479465
4.356140057944033
4.799176651372682
4.491144236831436
5.087715553092076
4.808801050958154
4.243189342466901
3.6728682191235675
3.2278221740289785
3.087738110863589
g:
0.4507946482902562
0.501651554826282
0.5405172972727832
0.6230174827803109
0.6769329877343641
0.6208626898843427
0.6970142735045225
0.6573789102564224
0.5846046587634744
0.5132221319321117
0.45820456594800285
0.4471952593779591
倾角: 10
H_t:
3.129957652850993
3.464293321847024
3.74764695631195
4.360108490040142
4.790084876104499
4.477414099970105
5.07385348305423
4.807083566831069
4.257830690836313
3.70361602695988
3.272827608109332
3.1406254723025193
g:
0.4579180306401256
0.5068436292242899
0.5432736625427388
0.6236113902606013
0.6755896866841833
0.6188792076753997
0.6950267558767577
0.6571334115975211
0.586710449154302
0.5176975399652856
0.46484507445310996
0.45515497316585174
倾角: 11
H_t:
3.176079728897573
3.497578648641257
3.7650624200162386
4.3631697480829
4.78007933111043
4.4629116972518625
5.05904540739503
4.804376274433265
4.271533086959835
3.7335246040766794
3.317052812743762
3.192746542912352
g:
0.4649344817678266
0.5119192910790982
0.5459085536719364
0.6240695576599969
0.6741115775196667
0.6167845974363446
0.6929039823968506
0.6567464402960067
0.5886816242874847
0.5220531320183235
0.47137618678185234
0.4630078638796534
倾角: 12
H_t:
3.2214393127855114
3.5300678557382263
3.7816637026730877
4.365322373780493
4.769160738792243
4.447638328984632
5.04329247881961
4.800678691973477
4.284292325226397
3.7625848400311415
3.360484316505774
3.244085446109196
g:
0.471841488312033
0.5168767414239162
0.548421047650253
0.6243917467678406
0.6724988249655524
0.6145791196765958
0.6906461950573328
0.6562179428091897
0.590517492645805
0.5262873752449914
0.4777955727917607
0.47075110013232574
倾角: 13
H_t:
3.2660225875453865
3.561751046610175
3.797445747370702
4.366565222860782
4.757330266845475
4.431595757208106
5.0265963808205205
4.795990732347924
4.296104489557753
3.790787882793398
3.403108889737868
3.294626543564949
g:
0.4786365741932556
0.5217142223715816
0.5508102641708642
0.6245777722780319
0.6707516649469808
0.6122631056194029
0.688253717128802
0.6555479276439684
0.5922174101958774
0.5303987791979966
0.4841009409349154
0.4783818879266383
倾角: 14
H_t:
3.3098159726790732
3.592618570249711
3.812403746745116
4.366897463363195
4.74458951829502
4.4147861916847395
5.0089593129574
4.790312697953111
4.30696595447918
3.818125141442938
3.444913548581406
3.3443544399708753
g:
0.48531730168630766
0.5264300178290121
0.5530753659675233
0.6246275015549925
0.6688704031007646
0.609836955131368
0.6857269510310563
0.6547364646254583
0.5937807805950189
0.5343858964016814
0.4902900392204359
0.4858974718879765
倾角: 15
H_t:
3.352806128296488
3.6226610241095947
3.826533144444572
4.366318574022914
4.730940522297222
4.397212277043845
4.990383977324702
4.783645275859629
4.316873386112719
3.8445882887854994
3.4858855589316353
3.39325398772717
g:
0.4918812724701508
0.5310224541915103
0.5552155591345399
0.624540854407995
0.6668554133928222
0.6073011348118724
0.6830663763675701
0.6537836842123196
0.595207055382448
0.5382473229052882
0.4963606561543101
0.49329513647172696
倾角: 16
H_t:
3.394979959179055
3.651869256966851
3.8398296365174147
4.364828342731719
4.716385725630246
4.378877080961874
4.970873566087819
4.775989533306496
4.325823743091709
3.870169263889604
3.526012440316611
3.4413102915570684
g:
0.4983261286548046
0.5354899010168203
0.5572300934294514
0.624317802871615
0.6647071368302871
0.6046561762255342
0.6802725481061229
0.6526897768531031
0.5964957341547681
0.5419816988168049
0.5023106216563554
0.5005722071448548
倾角: 17
H_t:
3.436324618768635
3.680234371710315
3.8522891727231334
4.362426865061675
4.70092798480381
4.359784083276175
4.950431749982408
4.767346913480275
4.333814277395494
3.8948602745419976
3.565281969698874
3.488508713044087
g:
0.5046495537850364
0.5398307716788447
0.5591182625583844
0.6239583709903204
0.6624260802581499
0.6019026742628557
0.6773460948904211
0.6514549923785635
0.5976463647256799
0.5455877088174091
0.5081378079541452
0.5077260515413251
倾角: 18
H_t:
3.4768275130807087
3.707747728050781
3.863907957766091
4.359114542839436
4.6845705587274376
4.339937165942128
4.9290626676842875
4.7577192315473
4.340842535103319
3.918653799621233
3.6036821851987026
3.534834875091027
g:
0.5108492738205748
0.5440435240009498
0.5608794044441038
0.623462634605429
0.6600128152314465
0.599041285616014
0.6742877174693322
0.6500796394254525
0.5986585432698965
0.549064082656543
0.5138401304537518
0.5147540805910688
倾角: 19
H_t:
3.5164763045406287
3.734400945152919
3.874682452451617
4.354892082760321
4.6673171018836825
4.319340603754373
4.906770915968385
4.747108670911104
4.346906357066525
3.9415425913886826
3.6412013897378217
3.5802746662993803
g:
0.5169230580926266
0.5481266608687987
0.5625129014767578
0.6228307211428585
0.6574679769550593
0.5960727273583059
0.6710981872319061
0.648564084887808
0.5995319144512263
0.5524095956276565
0.5194155485871909
0.5216537496222269
倾角: 20
H_t:
3.5552589157417667
3.760185904188157
3.8846093747640724
4.349760495032617
4.6491716579590205
4.2979990557626016
4.8835615405850685
4.735517779670314
4.352003879498252
3.9635196776962576
3.6778281546024427
3.624814245267802
g:
0.5228687202364968
0.5520787308226656
0.5640181807473148
0.6220628094002734
0.6547922632840946
0.5929977756171416
0.6677783448377451
0.6469087533921815
0.6002661715348004
0.5556230690246646
0.5248620666364716
0.528422559436449
倾角: 21
H_t:
3.5931635331244043
3.7850947508077586
3.893685700866591
4.343721092043675
4.630138653890897
4.275917557320857
4.859440027790772
4.722949467255282
4.3561335344799526
3.9845783641102073
3.7135513229245634
3.668440044808324
g:
0.5286841191001478
0.5558983286291985
0.5653947142637066
0.621159129332381
0.6519864337786285
0.589817264331698
0.6643290989334973
0.6451141267936534
0.6008610564834229
0.5587033705791766
0.5301777345341879
0.5350580573570516
倾角: 22
H_t:
3.630178610574262
3.8091198975353273
3.9019086660221665
4.336775487040395
4.610222894294386
4.253101512716842
4.834412296477737
4.7094070012243066
4.359294050384107
4.004712235950295
3.748360013080455
3.7111387760790646
g:
0.5343671596285536
0.5595840958326027
0.5666420191496802
0.6201199618332749
0.6490513088073321
0.5865320840874187
0.6607514249473417
0.6431807436898297
0.6013163600380238
0.5616494148785479
0.535360648640598
0.541557838249889
倾角: 23
H_t:
3.6662928729395547
3.83225402607803
3.909275765435817
4.328925592817599
4.589429556236514
4.229556688334542
4.808484690854389
4.694894004202654
4.361484452212615
4.0239151602437815
3.7822436220053155
3.7528974326321296
g:
0.5399157937237349
0.5631347212852389
0.5677596578263651
0.6189456385148389
0.6459877686951357
0.5831431810205193
0.6570463639542898
0.6411091989503259
0.6016319217821996
0.5644601637648299
0.5404089524971765
0.5479195455168107
倾角: 24
H_t:
3.7014953194655167
3.85449008955582
3.9157847550175697
4.320173620408687
4.567764184330301
4.205289206309406
4.78166397363427
4.6794144509497695
4.362704061850379
4.042181287593581
3.815191828423059
3.79370329437551
g:
0.5453280210803806
0.5665489416576265
0.5687472381765718
0.6176365414803539
0.642796752910679
0.5796515557865047
0.6532150216060192
0.6389001432595416
0.6018076301908176
0.5671346267146763
0.5453208375566267
0.554140872061622
倾角: 25
H_t:
3.7357752271453273
3.8758213146479825
3.921433652066036
4.310522077773632
4.5452326861244075
4.180305538640932
4.753957319696952
4.662972665541942
4.362952498233727
4.059505053960047
3.847194595990282
3.833543931447738
g:
0.5506018899969898
0.5698255419278618
0.5696044136918206
0.6161931030925324
0.6394792592898286
0.5760582625875034
0.6492585671197219
0.6365542826707667
0.601843422662671
0.5696718612002861
0.5500945438893742
0.5602195612284875
倾角: 26
H_t:
3.7691221539864608
3.8962412036563596
3.926220735872358
4.29997376848018
4.521841327767512
4.154612501732267
4.725372310189477
4.645573318659549
4.362229677433335
4.075881182355838
3.8782421763534307
3.872407208004151
g:
0.5557354981624855
0.5729633558504631
0.5703308836021181
0.6146158057353143
0.636036343292017
0.5723644082539007
0.6451782323211759
0.6340723781699225
0.6017392855371603
0.5720709730314529
0.5547283608665701
0.5661534077127545
倾角: 27
H_t:
3.801525942191403
3.915743536484603
3.9301445482443538
4.288531790374702
4.497596729929707
4.128217251331082
4.695916927041535
4.627221424969544
4.360535812651385
4.09130468445333
3.908325112118241
3.910281285913579
g:
0.5607269934182699
0.5759612664046609
0.5709263929884836
0.6129051815688406
0.6324691172866073
0.5685711513764223
0.6409753107378965
0.6314552452474246
0.6014952540949818
0.5743311166787968
0.5592206278196556
0.5719402584441909
倾角: 28
H_t:
3.832976721251819
3.934322372532884
3.933203893950699
4.276199534239758
4.472505863966042
4.1011272778500505
4.665599547871922
4.607922340595488
4.357871414132777
4.105770862104116
3.9374342397305555
3.947154628364364
g:
0.5655745744957197
0.5788182062221627
0.5713907328782357
0.6110618122770957
0.6287787498668929
0.5646797014853883
0.6366511567388297
0.6287037534768949
0.6011114125427972
0.5764514955782586
0.5635697346765504
0.5775780134426728
倾角: 29
H_t:
3.8634649109552095
3.951972052507453
3.9353978410850035
4.262980682436034
4.446576048310012
4.07335040204912
4.634428941267723
4.587681760668725
4.354237288990268
4.119275308770099
3.9655606922676276
3.9830160033785758
g:
0.5702764917291244
0.5815331579944212
0.5717237403230472
0.6090863288077929
0.624966465189723
0.5606913182744186
0.6322071847175984
0.6258188260995953
0.6005878939818603
0.5784313624169303
0.567774122574542
0.5830646266463623
倾角: 30
H_t:
3.8929812243031354
3.968687200144518
3.9367257213496805
4.248879207526793
4.419814945087236
4.044894771065358
4.602414262421503
4.566505716955705
4.349634540943427
4.131813910865785
3.992695902139076
4.017854487233389
g:
0.5748310477440995
0.5841051548594445
0.5719252984597694
0.606979411104143
0.6210335423390968
0.556607310866372
0.6276448683168498
0.6228014396136686
0.5999248803605686
0.580270019400302
0.5718322844499684
0.5883981067124605
倾角: 31
H_t:
3.9215166703401274
3.9844627238479076
3.9371871302595154
4.233899370883527
4.3922305569420255
4.015768854779586
4.569565049115274
4.544400575557723
4.344064569971413
4.143382849011297
4.018831603696659
4.051659467788548
g:
0.5792365981215107
0.5865332807681843
0.571995336554036
0.6047417878282128
0.6169813147124201
0.5524290371197932
0.6229657396917351
0.6196526233674152
0.5991226024109094
0.5819668185009949
0.575742765604793
0.5935765177906219
倾角: 32
H_t:
3.949062556892411
3.999293818240013
3.936781927264877
4.218045721271983
4.363831224071699
3.9859814425121916
4.5358912180434166
4.521373034680538
4.33752907187959
4.1539785991958125
4.043959835752057
4.084420647718934
g:
0.5834915520369678
0.5888166708305457
0.5719338300266473
0.6023742360756512
0.6128111694284216
0.5481579029745938
0.6181713888110306
0.6163734591560078
0.5981813395687645
0.583521161689059
0.5795041642501803
0.5985979802691501
倾角: 33
H_t:
3.9756104932156413
4.013175965625564
3.9355102357945286
4.201323093418195
4.334625621465809
3.9555416400437347
4.501403061469971
4.497430122472531
4.330030037780083
4.163597933851004
4.068072944001943
4.116128047651228
g:
0.5875943728759571
0.5909545116410684
0.5717408004627366
0.5998775810816208
0.6085245467560632
0.5437953618361466
0.6132634627948702
0.6129650808212019
0.5971014198780371
0.5849325011439025
0.5831151320271992
0.6034606714941051
倾角: 34
H_t:
4.001152392550793
4.026104937367754
3.9333724432180346
4.183736606554631
4.3046227563495005
3.924458866958972
4.466111244219011
4.472579194931214
4.321569753486386
4.1722379228341895
4.091163583359555
4.14677200920372
g:
0.5915435788246836
0.5929460415843139
0.57141631560372
0.5972526959178308
0.604122939564067
0.5393429139973993
0.608243665288499
0.6094286738537509
0.5958832198785586
0.5862003394479203
0.5865743745047705
0.6081628264614701
倾角: 35
H_t:
4.025680474587469
4.038076795176329
3.930369200727756
4.165291662947028
4.27383196583242
3.892742854315983
4.430026800999884
4.446827933879068
4.31215079882224
4.179895934320885
4.113224720192068
4.176343197928354
g:
0.5953377434367216
0.594790551120018
0.5709604893220287
0.5945005011806429
0.5996078927909998
0.5348021060990442
0.6031137558719091
0.6057654749983888
0.5945271644777331
0.5873242297618871
0.5898806516549957
0.6127027384825422
倾角: 36
H_t:
4.049187267833863
4.049087892307223
3.926501423140501
4.145993946402943
4.242262914766699
3.8604036426451693
4.3931611340723675
4.420184345010817
4.301776046845014
4.186569635606474
4.134249634463126
4.204832606154087
g:
0.5989754961755646
0.596487383048045
0.5703734815786246
0.5916219646702692
0.5949810029361506
0.5301745306282201
0.5978755495056524
0.601976771861406
0.5930337268058753
0.5883037759821713
0.5930327783060062
0.6170787598227182
倾角: 37
H_t:
4.071665611892642
4.059134874673403
3.921770288618854
4.125849420763556
4.209925593819716
3.827451580285948
4.355526011260024
4.39265675601543
4.290448662983889
4.192256993816786
4.154231921779816
4.232231555730711
g:
0.6024555229331781
0.5980359327531984
0.5696554983632895
0.5886181010611635
0.5902439175717547
0.5254618254566401
0.5925309160135914
0.5980639025209863
0.5914034280551945
0.5891386328798272
0.596029624572466
0.6212893023138668
倾角: 38
H_t:
4.093108659642076
4.068214681866541
3.9161772383123026
4.104864328380658
4.1768303177695785
3.7938973220722048
4.317133564323335
4.36425381477735
4.278172104093192
4.196956276527321
4.173165495343513
4.258531700672309
g:
0.605776566524672
0.5994356484299241
0.5688067916176905
0.5854899715637567
0.5853983348774313
0.5206656734195032
0.5870817796037888
0.5940282551406544
0.5896368373023758
0.5898285062216111
0.5988701162638741
0.6253328379404763
倾角: 39
H_t:
4.113509879321739
4.076324548089258
3.9097239759182445
4.0830451885813615
4.142987724033576
3.7597518283808453
4.277996287707679
4.3349844876626475
4.2649501174213125
4.200666052290962
4.191044587803979
4.283725029699514
g:
0.6089374271592012
0.60068603128696
0.5678276591412101
0.5822386835777686
0.5804460031980332
0.5157878019369994
0.5815301184292344
0.5898712675863298
0.5877345713147129
0.5903731528729672
0.6015532352708126
0.6292078993997854
倾角: 40
H_t:
4.132863056522143
4.083462002997604
3.902412467163026
4.06039879612351
4.108408771442292
3.7250263645613573
4.238127037684899
4.304858057897184
4.250786739495619
4.2033851910740125
4.207863753016151
4.307803868679831
g:
0.6119369628872164
0.601786635731963
0.5667184444795378
0.5788653903374003
0.5753887206264489
0.510829982680712
0.5758779641905996
0.5855944270476838
0.5856972943397402
0.590772380883023
0.6040780199292753
0.632913080636101
倾角: 41
H_t:
4.151162296077709
4.08962487245355
3.894244939203167
4.036932219645363
4.073104739274648
3.6897325007679402
4.197539031911015
4.273884124045157
4.2356862949239416
4.205112864600413
4.223617867699096
4.330760882965245
g:
0.6147740900241887
0.6027370695361602
0.5654795367960146
0.5753712905487868
0.5702283346132704
0.5057940312877323
0.5701274017837493
0.5811992696646637
0.5835257178783188
0.5910260495516186
0.6064435653632273
0.636447037349521
倾角: 42
H_t:
4.168402023862497
4.094811279187258
3.8852238799469387
4.01265280011367
4.0370872265718845
3.653882112219813
4.156245849426808
4.2420725985979075
4.219653395113179
4.2058485466040425
4.238302132996601
4.35258907962643
g:
0.6174477835509258
0.6035369939790562
0.5641113707257203
0.5717576280201709
0.5649667416056187
0.5006818071258553
0.5642805689952957
0.5766873801602611
0.5812206004411294
0.5911340694784059
0.6086490238055292
0.6398084874792731
倾角: 43
H_t:
4.184576988488125
4.099019643368909
3.8753520372965333
3.9875681492749178
4.000368151751526
3.6174873799196403
4.114261431132548
4.209433706684474
4.202692936905676
4.2055920129890225
4.251912075938963
4.373281809582862
g:
0.6199570774906057
0.6041861239732282
0.5626144262122988
0.5680256912853573
0.5596058867178519
0.49549521311382533
0.5583396562501128
0.572060391480811
0.5787827472885297
0.5910964025940234
0.610693604897365
0.6429962116618859
倾角: 44
H_t:
4.199682262903407
4.102248683089933
3.864632418311015
3.9616861481151986
3.9629597525455225
3.5805607918647366
4.071600080772921
4.175977984917036
4.1848101011340795
4.2043433418979825
4.264443550805488
4.392832769628196
g:
0.6223010652626539
0.6046842281692382
0.5609892283275089
0.5641768132210939
0.5541477634373251
0.4902361956012438
0.5523069064153732
0.5673199844453484
0.5762130101537333
0.590913062173372
0.6125765759663044
0.6460090536644156
倾角: 45
H_t:
4.213713245895178
4.104497414753498
3.853068288290353
3.935014945334838
3.9248745862904064
3.543115144790921
4.028276466473702
4.14171628038628
4.1660103510954505
4.202102913688251
4.275892740387331
4.411236004350278
g:
0.6244789000135748
0.6050311290406895
0.5592363470734933
0.5602123706591404
0.5485944133688739
0.4849067443134701
0.5461846146664183
0.5624678874057937
0.5735122869492758
0.5905841128309844
0.6142972622831286
0.6488459207929319
倾角: 46
H_t:
4.226665663489861
4.105765153374115
3.8406631697807683
3.907562955844791
3.8861255306011238
3.5051635464946767
3.9843056228775358
4.106659749823786
4.146299430945469
4.1988714108160075
4.2862561571502376
4.428485907945232
g:
0.6264897949248642
0.6052267029494423
0.5573563971677599
0.5561337839938958
0.5429479260222393
0.47950889236762967
0.5399751284205558
0.5575058759200312
0.5706815214567403
0.5901096704984979
0.6158550472975372
0.6515057842764864
倾角: 47
H_t:
4.238535570255367
4.106051512786302
3.8274208415017372
3.8793388592926337
3.846725784464565
3.4667194187856634
3.9397029539328763
4.0708198589507285
4.125683364013667
4.194649817628381
4.2955306442969
4.444577225925024
g:
0.6283330234981132
0.6052708801910098
0.5553500378108633
0.5519425167865872
0.5372104386472504
0.474044716366717
0.5336808473457858
0.5524357724402377
0.5677217029997154
0.5894899023842098
0.617249372852855
0.6539876796267583
倾角: 48
H_t:
4.249319350502908
4.105356405762199
3.8133453371949586
3.850351598627008
3.806688869793642
3.4277965011288467
3.8944842363973966
4.034208382034756
4.104168451040692
4.189439420063622
4.30371337672853
4.4595050567180525
g:
0.6300079198174109
0.6051636450201392
0.553217972436786
0.5476400753671635
0.5313841361222572
0.4685163365797609
0.5273042234524258
0.5472594460191743
0.5646338660999757
0.5887250269147113
0.6184797393798398
0.6562907069735946
倾角: 49
H_t:
4.2590137193883795
4.103680044038156
3.798440944395631
3.820610378710375
3.766028633488089
3.388408855043548
3.8486656241255006
3.996837401679638
4.081761268338676
4.183241805259394
4.310801861905428
4.473264853162198
g:
0.6315138787891558
0.6049050356565917
0.5509609484460085
0.5432280084351873
0.525471250902043
0.46292591721710474
0.5208477612767289
0.5419788120375182
0.5614190901168786
0.5878153136585721
0.6195457060696973
0.6584140313766188
倾角: 50
H_t:
4.2676157239129395
4.101022938250217
3.782712203126433
3.7901246649912332
3.7247592500542757
3.348570869335877
3.8022636532187937
3.9587193088753945
4.058468665875911
4.176058861069304
4.316793940606218
4.485852423889935
g:
0.6328503563593645
0.6044951442711141
0.5485797569212728
0.5387079066612057
0.5194740630322923
0.45727566681110005
0.5143140181668187
0.536595831955746
0.5580784988699843
0.5867610832320457
0.6204468910263854
0.660356883113116
倾角: 51
H_t:
4.275122743822541
4.097385897778591
3.7661639045145874
3.7589041822482003
3.6828952248430684
3.3082972662513344
3.7552952481289106
3.919866803340123
4.03429776528712
4.167892775487859
4.321687787585586
4.497263934605075
g:
0.6340168697085806
0.6039341169516089
0.546075232326033
0.5340814022902581
0.5133949002386206
0.4515678387138973
0.507705604682671
0.5311125130945419
0.5546132602449255
0.5855627071867671
0.6211829713982944
0.6621185579423551
倾角: 52
H_t:
4.281532492406069
4.092770030501101
3.748801089332435
3.726958913419941
3.6404513979725164
3.267603108646159
3.7077777288139933
3.8802928941886403
4.009255957810699
4.158746035983968
4.325481912130249
4.507495909250717
g:
0.6350129974244557
0.6032221536494835
0.5434482521855991
0.5293501687494115
0.50723613809924
0.4458047317256137
0.5010251851234618
0.5255309084482411
0.5510245857825593
0.5842206078793931
0.6217536834893698
0.663698417346524
倾角: 53
H_t:
4.286843017191904
4.087176742455709
3.730629046461968
3.694299098536553
3.597442949010867
3.2265038082894297
3.659728819063658
3.8400109009674956
3.9833509021544633
4.148621428743244
4.328175158513053
4.516545231068091
g:
0.6358383796520866
0.6023595081061743
0.5406997367509792
0.5245159202614468
0.5010002003115278
0.43998869086796133
0.49427547819739504
0.5198531165364167
0.547313730251459
0.5827352583231488
0.6221588228497428
0.6650958887484303
倾角: 54
H_t:
4.291052700542666
4.080607737412233
3.7116533112837864
3.6609352337699943
3.5538854025053688
3.1850151354233813
3.61116665612287
3.799034455100942
3.9565905222915654
4.137522037819303
4.329766706345016
4.524409143545956
g:
0.6364927182221713
0.6013464877598245
0.5378306486454307
0.5195804114670998
0.49468955906414297
0.43412210832049875
0.48745925785119854
0.5140812812993881
0.5434819912038252
0.5811071820212191
0.6223982443459112
0.6663104657061122
倾角: 55
H_t:
4.294160260147954
4.073065016353354
3.6918796639909663
3.6268780706232273
3.5097946344536908
3.143153229727096
3.5621098017628054
3.7573775017981226
3.928983005188344
4.125451244194326
4.330256070825222
4.531085251260262
g:
0.6369757767570439
0.6001834536320922
0.5348419924937351
0.514545437058566
0.4883067355278755
0.42820742453904703
0.48057935427881004
0.5082175920441974
0.539530708514912
0.5793369527819344
0.6224718622105186
0.6673417080844932
倾角: 56
H_t:
4.296164749414957
4.0645508768651
3.671314127828355
3.592138615280299
3.4651868798278107
3.1009346128492483
3.5125772549673315
3.715054302478269
3.9005367984661032
4.112412724749188
4.329643102888502
4.536571520603815
g:
0.6372873807546346
0.5988708201950679
0.5317348145342123
0.5094128314273382
0.48185430048021044
0.42224712957856375
0.473638655131501
0.5022642834484747
0.5354612639060969
0.5774251945156871
0.6223796500717533
0.6681892422041907
倾角: 57
H_t:
4.297065557756792
4.05506791243698
3.649962967257834
3.5567281281422662
3.4200787412751783
3.0583762026992427
3.4625884664272193
3.6720794377781023
3.871260607998955
4.098410451143435
4.327927989250838
4.540866280405732
g:
0.6374274176503972
0.5974090552182643
0.5285102022135064
0.5041844683298279
0.47533487508061567
0.41624376464594337
0.4666401069547847
0.4962236356305981
0.5312750804517545
0.5753725810135131
0.622121640962384
0.668852760967594
倾角: 58
H_t:
4.296862410778497
4.044619011671985
3.6278326860501084
3.520658123577175
3.37448719913922
3.0154953297136804
3.4121633550615718
3.6284678112141155
3.8411633954500695
4.08344868860549
4.325111252352489
4.543968222440502
g:
0.63739583685723
0.5957986795956507
0.5251692837641665
0.498862260574693
0.4687511318159275
0.41019992391191124
0.4595867168810744
0.49009797429568747
0.5269736220701171
0.5731798357072712
0.6216979273084412
0.6693320239622874
倾角: 59
H_t:
4.2955553703606135
4.03320735740668
3.6049300253035814
3.4839403699158527
3.3284296229611603
2.972309755347138
3.361322326817561
3.584234653582227
3.8102543757489236
4.0675319946334065
4.321193750198846
4.545876401826484
g:
0.63719264978341
0.5940402671526915
0.5217132277650633
0.4934481597362952
0.4621057956379101
0.40411825661547396
0.45248155461122375
0.48388967096828045
0.5225583929983586
0.5708477314113434
0.6211086608975336
0.6696268575419018
倾角: 60
H_t:
4.293144834640337
4.020836425741694
3.581261961390964
3.446586889729556
3.281923784648261
2.9288376930739006
3.31008629603653
3.539395528188496
3.778543014512389
4.050665217606623
4.31617667609908
4.546590237313715
g:
0.636817929828548
0.5921344444333495
0.5181432426846873
0.4879441558993166
0.4554016453182172
0.39800146949943255
0.44532775472295894
0.4776011433240206
0.5180309372521711
0.5683770900457912
0.6203540528267844
0.6697371548844472
倾角: 61
H_t:
4.289631537890236
4.007509984982858
3.5568357038341993
3.4086099604302387
3.234987873520419
2.885097832231308
3.25847670971758
3.493966337017614
3.7460390254127875
4.032853495309099
4.310061558302649
4.546109511460979
g:
0.6362718123575654
0.5900818904670155
0.5144605764073777
0.4823522774402261
0.4486415150496324
0.39185232962136285
0.43812851934988534
0.47123485563441925
0.5133928380701532
0.5657687823408837
0.619434373430358
0.6696628760281726
倾角: 62
H_t:
4.285016550294597
3.993232094493348
3.5316586931083713
3.3700221152398466
3.187640513478425
2.841109365087444
3.2065155750603775
3.4479633279608897
3.7127523674963894
4.014102253364289
4.302850259533773
4.544434370702039
g:
0.6355544946526761
0.5878833365153121
0.510666515742546
0.4766745908520876
0.4418282963267236
0.38567366759143856
0.4308871212814195
0.4647933193407394
0.5086457173433905
0.5630237275229223
0.6183499521865351
0.6694040478849738
倾角: 63
H_t:
4.279301277623426
3.978007103457159
3.5057385983752627
3.330836144581439
3.1399007825738416
2.796892017577326
3.154225490728389
3.401403103242972
3.678693242456218
3.9944172035824526
4.294544976424037
4.541565325301022
g:
0.6346662358433567
0.5855395657987341
0.5067623859169584
0.4709132006200871
0.43496494014402737
0.3794683812967027
0.42360690754183256
0.4582790937753639
0.5037912350306616
0.5601428929812895
0.6171011776042872
0.6689607642313641
倾角: 64
H_t:
4.272487460804236
3.9618396495543045
3.4790833151472578
3.2910650979523672
3.0917882353035053
2.7524660842248596
3.101629682344015
3.354302629206838
3.643872091863443
3.9738043422207747
4.28514823884327
4.537503249197001
g:
0.6336073568142634
0.5830514132030743
0.5027495500501656
0.4650702491562038
0.4280544595557207
0.37323944018118393
0.4162913035158399
0.45169478705169197
0.4988310885597847
0.5571272939166386
0.6156884970892892
0.6683331856769978
倾角: 65
H_t:
4.2645771753917545
3.9447346575481306
3.45170096288229
3.2507222863484526
3.043322928002384
2.7078524678548823
3.0487520428104506
3.306679247640393
3.6082995943621654
3.952269948156855
4.274662909128924
4.532249379737773
g:
0.6323782400910665
0.5804197649655888
0.4986294086131572
0.4591479168026626
0.42109993264762413
0.36698989016291483
0.4089438176991486
0.44504305714675046
0.4937670122156889
0.5539779929701556
0.6141124167892941
0.6675215396107265
倾角: 66
H_t:
4.2555728309356775
3.9266973377851886
3.423599882510577
3.2098212853181947
2.9945254477684693
2.663072724804056
2.995617178154193
3.2585506888558426
3.571986662832996
3.9298205809760938
4.263092181214179
4.525805317302961
g:
0.6309793297041347
0.5776455583408574
0.4944033988703491
0.45314842191521065
0.41410450598050846
0.36072285928290615
0.4015680471654265
0.4383266132043692
0.48860077651589806
0.5506960998338134
0.612373501418794
0.6665261201241459
倾角: 67
H_t:
4.245477170246704
3.9077331846081114
3.394788633893892
3.1683759387378494
2.9454169454245345
2.618149116464934
2.9422504597007015
3.2099350867657304
3.5349444415314646
3.906463078973581
4.2504395796550405
4.518173024816516
g:
0.6294111310300224
0.5747297812462898
0.4900729943050133
0.44707402103890725
0.40707139857333885
0.35444156419795764
0.3941676838567687
0.43154821709108343
0.48333418757420976
0.5472827708415534
0.6104723740628726
0.6653472879125816
倾角: 68
H_t:
4.23429326856105
3.887847974681987
3.3652759932181464
3.126400363412098
2.896019173106337
2.5731046681495084
2.8886780835379535
3.160850996238148
3.497184303208141
3.8822045570710886
4.236708958556726
4.50935482714879
g:
0.62767421061068
0.5716734718872385
0.4856397040282675
0.44092700919104033
0.4000039065065786
0.34814931764955953
0.3867465218234756
0.4247106852420055
0.47796908645348146
0.543739208541325
0.6084097159601498
0.6639854701534398
倾角: 69
H_t:
4.222024532603696
3.867047765234722
3.3350709503200817
3.0839089546213425
2.846354527168214
2.527963236443235
2.8349271383942445
3.11131741305925
3.458717846218213
3.857052404649791
4.22190450039966
4.499353410408366
g:
0.6257691959503102
0.5684777183616717
0.4811050721717687
0.4347097202680476
0.392905408239433
0.34184953706591176
0.3793084655615678
0.4178168908399097
0.47250734850856724
0.5400666612479207
0.6061862662647105
0.6624411603618418
倾角: 70
H_t:
4.208674699550669
3.8453388922119602
3.3041827059488718
3.040916392755899
2.796446097218742
2.4827495864463858
2.7810256832645326
3.0613537968854367
3.419556891629388
3.831014283299393
4.206030714765461
4.488171821123839
g:
0.6236967752897908
0.5651436582443745
0.4764706772642487
0.42842452759599
0.38577937075143326
0.33554575448438406
0.37185753962386886
0.410869766377904
0.46695088272061847
0.5362664225765537
0.6038028217869065
0.6607149182234373
倾角: 71
H_t:
4.194247835890665
3.822727968347086
3.272620668963493
2.9974376512001877
2.7463177222460917
2.4374894805772884
2.727002836372992
3.010980097632144
3.3797134803382334
3.8040981244843315
4.189092436963272
4.475813465315806
g:
0.6214576973585593
0.5616724781506378
0.4717381315920618
0.4220738446472785
0.3786293566386973
0.329241628019019
0.3643978997138986
0.40387230666454565
0.46130163102413974
0.5323398309571223
0.6012602367129031
0.6588073694042811
倾角: 72
H_t:
4.17874833618635
3.799221881146924
3.2403944534666858
2.953488005657083
2.6959940549706918
2.3922097809556506
2.672888877369707
2.9602167858234547
3.3391998702065613
3.7763121271277718
4.171094826556881
4.462282107459375
g:
0.6190527711038681
0.558065413279411
0.46690908054391256
0.41566012595010615
0.3714590323193775
0.32294095514381704
0.3569338455127408
0.39682757234041566
0.455561567628417
0.5282882691291247
0.5985594223028479
0.6567192053376522
倾角: 73
H_t:
4.162180921735745
3.7748277907937386
3.207513875876414
2.9090830451349174
2.645500635779826
2.3469385678123786
2.6187153650418495
2.9090848875194957
3.298028533231252
3.7476647551141467
4.152043365793063
4.447581869337453
g:
0.6164828653973016
0.5543237469358914
0.46198520193996084
0.4091858682215013
0.3642721775322646
0.3166476881200767
0.349469835539522
0.3897386939873447
0.4497326983351885
0.5241131636171869
0.5957013465675273
0.6544511829876617
倾角: 74
H_t:
4.144550639134058
3.7495531279641714
3.1739889519356854
2.8642386848582837
2.5948639778644482
2.30170527690957
2.564515273293686
2.857606024550494
3.2562121527629833
3.718164734710964
4.131943857931646
4.431717228785229
g:
0.6137489087184385
0.5504488100335326
0.45696820534550087
0.40265361176026115
0.3570726963486163
0.310365951968269
0.342010504408728
0.38260887692618567
0.44381705985472564
0.5198159841871753
0.5926870339233739
0.6520041245895094
倾角: 75
H_t:
4.125862858736456
3.723405591565783
3.139829893661654
2.8189711814102263
2.5441116655057425
2.256540859633934
2.510323148741488
2.805802460921845
3.213763620791891
3.687821051910707
4.110802425477766
4.414693018326159
g:
0.6108518888155561
0.5464419805754657
0.45185983136943997
0.3960659421424343
0.34986462996174345
0.3041000654763189
0.3345606829257567
0.37544140681682325
0.43781671912285536
0.5153982432828883
0.5895175648256842
0.6493789173662096
倾角: 76
H_t:
4.106123273022192
3.696393146391897
3.1050471062349523
2.773297150469467
2.4932724678644256
2.2114779702936804
2.4561752940132817
2.7536971564194133
3.1706960353211318
3.6566429496936084
4.088625508316907
4.396514423699957
g:
0.6077928523432437
0.542304683115326
0.4466618509478129
0.3894254922697622
0.3426521715740192
0.29785456585278564
0.327125421560443
0.36823965619576315
0.43173377262187007
0.5108614954433119
0.5861940753799086
0.6465765132216263
倾角: 77
H_t:
4.085337894860626
3.668524020695442
3.0696511848301586
2.7272335875741462
2.442376471131398
2.1665511862646447
2.4021099817858356
2.7013138286458522
3.127022697852998
3.6246399252121573
4.065419861753238
4.377186982282946
g:
0.6045729044768144
0.5380383881974974
0.4413760646125785
0.38273494483084614
0.3354396837697551
0.2916342377836355
0.3197100179629548
0.3610070921131274
0.425570345708782
0.5062073367004588
0.5827177569308643
0.6435979284096187
倾角: 78
H_t:
4.063513055679648
3.6398067036825443
3.0336529113884163
2.6807978924261775
2.391455232533157
2.121797268082074
2.3481677057954062
2.6486770249664393
3.0827571110165444
3.591821726898165
4.041192554451891
4.3567165814013356
g:
0.6011932085033899
0.5336446117767852
0.4360043017459742
0.375997035246205
0.32823171884877356
0.28544414784669236
0.3123200493458307
0.35374728506342634
0.4193285919549787
0.5014374039578028
0.5790898556297336
0.6404442431791146
倾角: 79
H_t:
4.040655403537062
3.61024994292664
2.99706325133314
2.634007897351162
2.340541960488295
2.0772554684812428
2.2943914766112266
2.595812206148902
3.037912976371026
3.558198351493308
4.0159509662857715
4.33510945653788
g:
0.5976549853895304
0.5291249146175544
0.43054841982070896
0.3692145551822974
0.3210330427048467
0.279289685494819
0.30496141076154293
0.3464639194446882
0.4130106925020735
0.49655337434935254
0.5753116719787029
0.6371166013949058
倾角: 80
H_t:
4.016771901095518
3.5798627417038733
2.9598933502298492
2.5868819006528194
2.2896717262350803
2.032967901926676
2.240827171982222
2.542745843862025
2.9925041924258493
3.5237800410040125
3.989702786087578
4.312372189432488
g:
0.593959513325294
0.5244809016723615
0.42501030362630043
0.3623903567366892
0.3138486629726311
0.2731766121609185
0.297640360572882
0.33916080583052505
0.406618855439618
0.4915569645794075
0.5713845603531026
0.6336162101339617
倾角: 81
H_t:
3.9918698235016254
3.5486543562506125
2.9221545303911145
2.539438705753788
2.238881713566302
1.9889799895891067
2.1875239542284057
2.4895055346731243
2.9465448529256775
3.4885772795816488
3.962456009307708
4.28851170607736
g:
0.5901081272446017
0.519714221440141
0.4193918644818748
0.3555273574176239
0.30668386234615735
0.26711112049917124
0.29036357476634705
0.3318418954022077
0.40015531521143494
0.48644993024307004
0.5673099285009138
0.6299443392570478
倾角: 82
H_t:
3.9659567561698683
3.5166342929439103
2.8838582874276764
2.491697667204514
2.1882115150159236
1.945340999406792
2.1345347706928925
2.436120133782605
2.900049245458988
3.452600790328953
3.9342189355787736
4.263535274607268
g:
0.5861022183217902
0.5148265653040076
0.4136950394357699
0.3486285460674502
0.2995442382049626
0.26109990640832853
0.28313821222911617
0.3245112969665028
0.3936223320586356
0.48123406512758904
0.5630892370195103
0.6261023209554408
倾角: 83
H_t:
3.9390405924720167
3.483812305405775
2.845016286746767
2.4436787448787745
2.137703485081841
1.9021047073718869
2.081916958054359
2.3826199124915237
2.853031850460396
3.415861532033665
3.905000166187444
4.237450503085608
g:
0.5819432334442388
0.5098196668487567
0.40792179045229476
0.3416969899120106
0.2924357499896444
0.2551502573613309
0.2759719937454576
0.31717329708472813
0.38702219150902223
0.4759112004946435
0.5587239988095053
0.6220915492725164
倾角: 84
H_t:
3.9111295313327257
3.4501983915321137
2.8056403599987148
2.395402567971728
2.0874031640383786
1.8593302153936107
2.0297329778509696
2.3290367443651125
2.8055073406919124
3.37837069583038
3.8748086014544136
4.210265337186912
g:
0.5776326746609622
0.504695301158153
0.402074103586024
0.3347358429591193
0.2853647761741599
0.24927016181022588
0.2688732983390197
0.30983238396578483
0.3803572039245802
0.4704832043436795
0.5542157785055928
0.617913479599998
倾角: 85
H_t:
3.8822320747320656
3.41580279044728
2.7657425014729116
2.34689051079198
2.037359789876983
1.8170829744071415
1.9780513196848828
2.275404326299152
2.757490581306951
3.3401397017916157
3.843653438023278
4.1819880577765165
g:
0.5731720986070684
0.49945528409212375
0.3961539881440161
0.32774835602105923
0.2783381832267569
0.24346844623583988
0.26185128179992717
0.3024932759397533
0.3736297041212801
0.46495198065644294
0.5495661918842674
0.613569628148651
倾角: 86
H_t:
3.8523570251157393
3.3806359793851373
2.72533486444423
2.298164782816719
1.9876269213337852
1.7754360811082714
1.9269476215004215
2.2217584423099916
2.708996630624194
3.3011801954491466
3.811544166059149
4.152627278388134
g:
0.5685631159039861
0.4941014715439847
0.3901634758363691
0.32073788870192704
0.2713634096926486
0.2377549490779105
0.25491602395531987
0.2951609555412867
0.36684205107855095
0.4593194686228642
0.5447769052483264
0.6090615713932052
倾角: 87
H_t:
3.821513482713766
3.3447086704975955
2.6844297574710256
2.249248536090671
1.9382632024466049
1.7344719466635583
1.8765060750274296
2.168137279982055
2.6600407417679657
3.2615040442466703
3.7784905663578523
4.122191942600081
g:
0.5638073905353749
0.48863575867783954
0.38410461991554457
0.313707923775055
0.26444856955563634
0.23214074483713693
0.24807871373163312
0.2878407105105949
0.35999662775975083
0.453587641848479
0.5398496347880641
0.6043909454912996
倾角: 88
H_t:
3.7897108427684647
3.3080318075915778
2.643039640645824
2.200165993838814
1.8893333095916405
1.6942844827506707
1.8268212121739233
2.1145818123011892
2.6106383653693053
3.221123333924856
3.744502707366608
4.090691321310979
g:
0.5589066391986488
0.4830600791463214
0.3779794943049035
0.3066620844846752
0.25760258047470946
0.22663843800449346
0.2413518847463913
0.28053818338839326
0.3530958410700089
0.44775850754358026
0.5347861459190816
0.5995594456762442
倾角: 89
H_t:
3.756958792672578
3.2706165627954373
2.6011771217998594
2.1509426051894334
1.8409091369839468
1.6549820267298188
1.7780002102788812
2.0611362613381554
2.5608051535699428
3.1800503648399236
3.7095909421170847
4.05813500991576
g:
0.5538626306320438
0.4773764042888609
0.3717901927169272
0.2996041554477155
0.25083532455158447
0.2212625568271745
0.2347497197830933
0.27325943187421603
0.34614212198424643
0.44183410569433285
0.5295882525966519
0.5945688256234051
倾角: 90
H_t:
3.7232673090183863
3.232474333155815
2.5588549526626023
2.1016052322510688
1.7930712985993114
1.6166913575232804
1.7301659202382684
2.00784866530097
2.51055696563334
3.138297648216825
3.673765905071757
4.024532925382796
g:
0.5486771849171843
0.4715867423106796
0.36553882776160257
0.29253810801763025
0.2441578522978961
0.21603009450414457
0.22828845131950404
0.26601100278488926
0.3391379258864934
0.43581650821609175
0.5242578166065905
0.5894208967900165
